121.57444       25.29766        1       10
121.57678       25.29560        1       10
121.58138       25.29386        1       10
121.58557       25.29364        1       10
121.59592       25.28798        1       10
121.59694       25.28700        1       10
121.59981       25.28336        1       10
121.60197       25.28222        1       10
121.60466       25.28178        1       10
121.60723       25.28091        1       10
121.60951       25.27960        1       10
121.61160       25.27786        1       10
121.61358       25.27596        1       10
121.61597       25.27465        1       10
121.61705       25.27378        1       10
121.61806       25.27280        1       10
121.62381       25.26431        1       10
121.62572       25.26100        1       10
121.62668       25.25757        1       10
121.62716       25.25376        1       10
121.62728       25.24957        1       10
121.62620       25.24418        1       10
121.62572       25.24304        1       10
121.62548       25.24119        1       10
121.62704       25.23868        1       10
121.62991       25.23504        1       10
121.63661       25.23177        1       10
121.63715       25.23090        1       10
121.63691       25.23079        1       10
121.63302       25.23150        1       10
121.63069       25.23237        1       10
121.62806       25.23281        1       10
121.62746       25.23270        1       10
121.62369       25.22998        1       10
121.62602       25.23079        1       10
121.62734       25.23221        1       10
121.62907       25.23210        1       10
121.63231       25.23101        1       10
121.63931       25.22927        1       10
121.64038       25.22938        1       10
121.64122       25.23003        1       10
121.64152       25.23150        1       10
121.64020       25.23313        1       10
121.64062       25.23406        1       10
121.64194       25.23438        1       10
121.64361       25.23449        1       10
121.64344       25.23357        1       10
121.64308       25.23302        1       10
121.64308       25.23215        1       10
121.64421       25.23161        1       10
121.64463       25.23112        1       10
121.64469       25.23041        1       10
121.64349       25.22862        1       10
121.64158       25.22426        1       10
121.64212       25.22078        1       10
121.64194       25.22007        1       10
121.64128       25.21871        1       10
121.64104       25.21719        1       10
121.64290       25.21953        1       10
121.64272       25.22078        1       10
121.64296       25.22083        1       10
121.64344       25.22072        1       10
121.64439       25.21953        1       10
121.64511       25.21746        1       10
121.64667       25.21533        1       10
121.65450       25.20973        1       10
121.65630       25.20984        1       10
121.65875       25.20728        1       10
121.66061       25.20619        1       10
121.66282       25.20445        1       10
121.66438       25.20358        1       10
121.66689       25.20477        1       10
121.66905       25.20641        1       10
121.66988       25.20477        1       10
121.67180       25.20466        1       10
121.67222       25.20477        1       10
121.67371       25.20624        1       10
121.67521       25.20837        1       10
121.67658       25.20929        1       10
121.67700       25.20978        1       10
121.67718       25.20978        1       10
121.67754       25.20956        1       10
121.67898       25.20935        1       10
121.67898       25.20793        1       10
121.67802       25.20619        1       10
121.67802       25.20532        1       10
121.67862       25.20532        1       10
121.67916       25.20543        1       10
121.68011       25.20652        1       10
121.68113       25.20690        1       10
121.68173       25.20755        1       10
121.68107       25.20869        1       10
121.68185       25.20951        1       10
121.68311       25.21038        1       10
121.68382       25.21049        1       10
121.68472       25.21027        1       10
121.68520       25.21147        1       10
121.68867       25.21572        1       10
121.69053       25.21757        1       10
121.69184       25.21844        1       10
121.69298       25.21931        1       10
121.69298       25.21909        1       10
121.69316       25.21882        1       10
121.69244       25.21806        1       10
121.69280       25.21751        1       10
121.69286       25.21686        1       10
121.69226       25.21610        1       10
121.69208       25.21539        1       10
121.68484       25.20984        1       10
121.68538       25.20940        1       10
121.68526       25.20875        1       10
121.68305       25.20722        1       10
121.68305       25.20695        1       10
121.68353       25.20564        1       10
121.68424       25.20526        1       10
121.68508       25.20516        1       10
121.68682       25.20537        1       10
121.68712       25.20526        1       10
121.68700       25.20450        1       10
121.68532       25.20363        1       10
121.68502       25.20254        1       10
121.68394       25.20107        1       10
121.68203       25.19911        1       10
121.68047       25.19824        1       10
121.67940       25.19650        1       10
121.67742       25.19427        1       10
121.67694       25.19263        1       10
121.67766       25.19258        1       10
121.67784       25.19035        1       10
121.68083       25.18637        1       10
121.68275       25.18278        1       10
121.68365       25.18240        1       10
121.68371       25.18136        1       10
121.68245       25.17897        1       10
121.68484       25.18142        1       10
121.68598       25.18185        1       10
121.68813       25.18207        1       10
121.68933       25.18262        1       10
121.69053       25.18185        1       10
121.69178       25.18196        1       10
121.69382       25.18142        1       10
121.69501       25.17989        1       10
121.69561       25.17842        1       10
121.69669       25.17831        1       10
121.69747       25.17788        1       10
121.69986       25.17744        1       10
121.70010       25.17722        1       10
121.70034       25.17238        1       10
121.70022       25.17102        1       10
121.69866       25.16704        1       10
121.70022       25.16639        1       10
121.70291       25.16650        1       10
121.70471       25.16693        1       10
121.70555       25.16770        1       10
121.70668       25.16791        1       10
121.70734       25.16780        1       10
121.70764       25.16759        1       10
121.70836       25.16802        1       10
121.70914       25.16748        1       10
121.71093       25.16726        1       10
121.71249       25.16682        1       10
121.71494       25.16661        1       10
121.71859       25.16584        1       10
121.72194       25.16563        1       10
121.72218       25.16552        1       10
121.72242       25.16214        1       10
121.72242       25.16421        1       10
121.72308       25.16426        1       10
121.72392       25.16448        1       10
121.72427       25.16470        1       10
121.72445       25.16497        1       10
121.72481       25.16525        1       10
121.72559       25.16437        1       10
121.72643       25.16416        1       10
121.72631       25.16383        1       10
121.72679       25.16378        1       10
121.72780	25.16345	1	10
121.72804	25.16361	1	10
121.72900	25.16328	1	10
121.72990	25.16339	1	10
121.73014	25.16383	1	10
121.73056	25.16285	1	10
121.73193	25.16176	1	10
121.73205	25.16143	1	10
121.73283	25.16132	1	10
121.73427	25.16067	1	10
121.73433	25.16034	1	10
121.73469	25.16024	1	10
121.73475	25.16007	1	10
121.73445	25.15996	1	10
121.73421	25.16018	1	10
121.73367	25.15958	1	10
121.73343	25.15893	1	10
121.73433	25.15860	1	10
121.73445	25.15893	1	10
121.73487	25.15925	1	10
121.73582	25.15958	1	10
121.73576	25.15942	1	10
121.73594	25.15936	1	10
121.73624	25.15947	1	10
121.73666	25.15996	1	10
121.73612	25.16007	1	10
121.73564	25.15996	1	10
121.73552	25.16018	1	10
121.73690	25.16040	1	10
121.73732	25.16018	1	10
121.73744	25.16051	1	10
121.73828	25.16073	1	10
121.73875	25.16024	1	10
121.73923	25.16018	1	10
121.73917	25.15947	1	10
121.73959	25.15898	1	10
121.74001	25.15876	1	10
121.74199	25.15724	1	10
121.74306	25.15702	1	10
121.74336	25.15680	1	10
121.74294	25.15664	1	10
121.74300	25.15648	1	10
121.74330	25.15642	1	10
121.74372	25.15664	1	10
121.74384	25.15697	1	10
121.74348	25.15729	1	10
121.74408	25.15729	1	10
121.74456	25.15708	1	10
121.74474	25.15719	1	10
121.74492	25.15691	1	10
121.74558	25.15680	1	10
121.74611	25.15691	1	10
121.74653	25.15713	1	10
121.74689	25.15702	1	10
121.74701	25.15648	1	10
121.74893	25.15659	1	10
121.74965	25.15713	1	10
121.75234	25.15844	1	10
121.75264	25.15833	1	10
121.75060	25.15724	1	10
121.74994	25.15680	1	10
121.74988	25.15648	1	10
121.75036	25.15561	1	10
121.75276	25.15539	1	10
121.75294	25.15528	1	10
121.75288	25.15512	1	10
121.75216	25.15501	1	10
121.75204	25.15446	1	10
121.74976	25.15446	1	10
121.74474	25.15098	1	10
121.74474	25.15070	1	10
121.74516	25.15021	1	10
121.74564	25.15032	1	10
121.74570	25.15049	1	10
121.74552	25.15076	1	10
121.74594	25.15087	1	10
121.74731	25.15021	1	10
121.75168	25.15239	1	10
121.75276	25.15054	1	10
121.74941	25.14880	1	10
121.74941	25.14853	1	10
121.75030	25.14716	1	10
121.75060	25.14695	1	10
121.75324	25.14825	1	10
121.75383	25.14542	1	10
121.75395	25.14531	1	10
121.75276	25.14542	1	10
121.75228	25.14531	1	10
121.75270	25.14520	1	10
121.75126	25.14520	1	10
121.75114	25.14488	1	10
121.75174	25.14460	1	10
121.75210	25.14406	1	10
121.75198	25.14384	1	10
121.74785	25.14101	1	10
121.74689	25.14068	1	10
121.75084	25.13905	1	10
121.75276	25.14025	1	10
121.75282	25.14052	1	10
121.75718	25.14297	1	10
121.75838	25.14341	1	10
121.75886	25.14319	1	10
121.75922	25.14264	1	10
121.76030	25.14341	1	10
121.76077	25.14390	1	10
121.76042	25.14466	1	10
121.75826	25.14450	1	10
121.75814	25.14460	1	10
121.75826	25.14493	1	10
121.76006	25.14531	1	10
121.76006	25.14629	1	10
121.75976	25.14640	1	10
121.75784	25.14608	1	10
121.75778	25.14635	1	10
121.76107	25.14711	1	10
121.76167	25.14896	1	10
121.76203	25.14907	1	10
121.76221	25.14880	1	10
121.76257	25.14902	1	10
121.76251	25.14940	1	10
121.76347	25.14967	1	10
121.76365	25.15016	1	10
121.76389	25.15011	1	10
121.76431	25.15021	1	10
121.76610	25.15141	1	10
121.76622	25.15201	1	10
121.76658	25.15207	1	10
121.76664	25.15179	1	10
121.76736	25.15168	1	10
121.76784	25.15277	1	10
121.76825	25.15288	1	10
121.76981	25.15223	1	10
121.77005	25.15245	1	10
121.76987	25.15272	1	10
121.76879	25.15337	1	10
121.76885	25.15354	1	10
121.76963	25.15403	1	10
121.76999	25.15457	1	10
121.77065	25.15468	1	10
121.77077	25.15479	1	10
121.77065	25.15512	1	10
121.77376	25.15544	1	10
121.77382	25.15463	1	10
121.77436	25.15337	1	10
121.77502	25.15223	1	10
121.77561	25.15201	1	10
121.77561	25.15234	1	10
121.77573	25.15245	1	10
121.77651	25.15212	1	10
121.77651	25.15234	1	10
121.77478	25.15490	1	10
121.77442	25.15621	1	10
121.77472	25.15621	1	10
121.77532	25.15479	1	10
121.77645	25.15321	1	10
121.77705	25.15201	1	10
121.77801	25.15136	1	10
121.77932	25.15125	1	10
121.78010	25.15136	1	10
121.78268	25.15070	1	10
121.78357	25.15005	1	10
121.78357	25.14983	1	10
121.78543	25.14951	1	10
121.78848	25.14820	1	10
121.78998	25.14831	1	10
121.78998	25.14820	1	10
121.78890	25.14787	1	10
121.78842	25.14667	1	10
121.78824	25.14667	1	10
121.78824	25.14695	1	10
121.78866	25.14787	1	10
121.78567	25.14896	1	10
121.78441	25.14863	1	10
121.78429	25.14700	1	10
121.78710	25.14531	1	10
121.78728	25.14542	1	10
121.78728	25.14466	1	10
121.78764	25.14444	1	10
121.78824	25.14455	1	10
121.78968	25.14520	1	10
121.79033	25.14591	1	10
121.79081	25.14597	1	10
121.79075	25.14537	1	10
121.78968	25.14482	1	10
121.78974	25.14444	1	10
121.79033	25.14433	1	10
121.79027	25.14384	1	10
121.79069	25.14406	1	10
121.79087	25.14433	1	10
121.79219	25.14520	1	10
121.79207	25.14444	1	10
121.79105	25.14379	1	10
121.79159	25.14319	1	10
121.79267	25.14384	1	10
121.79321	25.14341	1	10
121.79225	25.14275	1	10
121.79219	25.14264	1	10
121.79363	25.14068	1	10
121.79398	25.14057	1	10
121.79512	25.14123	1	10
121.79542	25.14188	1	10
121.79554	25.14352	1	10
121.79369	25.14575	1	10
121.79339	25.14553	1	10
121.79297	25.14564	1	10
121.79351	25.14635	1	10
121.79339	25.14667	1	10
121.79237	25.14678	1	10
121.79231	25.14695	1	10
121.79099	25.14825	1	10
121.79123	25.14825	1	10
121.79183	25.14771	1	10
121.79273	25.14727	1	10
121.79321	25.14695	1	10
121.79452	25.14706	1	10
121.79650	25.14749	1	10
121.79835	25.14662	1	10
121.80003	25.14673	1	10
121.80152	25.14727	1	10
121.80230	25.14716	1	10
121.80517	25.14727	1	10
121.80565	25.14760	1	10
121.80685	25.14749	1	10
121.80715	25.14727	1	10
121.80709	25.14689	1	10
121.80691	25.14662	1	10
121.80607	25.14640	1	10
121.80541	25.14526	1	10
121.80553	25.14504	1	10
121.80446	25.14493	1	10
121.80446	25.14482	1	10
121.80392	25.14460	1	10
121.80332	25.14297	1	10
121.80308	25.14275	1	10
121.80320	25.14243	1	10
121.80248	25.14221	1	10
121.80224	25.14155	1	10
121.80236	25.14150	1	10
121.80272	25.14161	1	10
121.80272	25.14150	1	10
121.80200	25.14123	1	10
121.80206	25.14085	1	10
121.80104	25.14079	1	10
121.80021	25.14057	1	10
121.80122	25.14025	1	10
121.80182	25.14036	1	10
121.80200	25.14025	1	10
121.80206	25.13987	1	10
121.80272	25.13965	1	10
121.80278	25.13948	1	10
121.80260	25.13938	1	10
121.80272	25.13894	1	10
121.80296	25.13883	1	10
121.80302	25.13867	1	10
121.80380	25.13823	1	10
121.80386	25.13785	1	10
121.80308	25.13812	1	10
121.80248	25.13791	1	10
121.80230	25.13741	1	10
121.80212	25.13731	1	10
121.80320	25.13709	1	10
121.80302	25.13682	1	10
121.80272	25.13660	1	10
121.80272	25.13584	1	10
121.80511	25.13518	1	10
121.80511	25.13540	1	10
121.80565	25.13513	1	10
121.80607	25.13464	1	10
121.80823	25.13289	1	10
121.81098	25.13246	1	10
121.81325	25.13300	1	10
121.81361	25.13355	1	10
121.81421	25.13377	1	10
121.81439	25.13349	1	10
121.81523	25.13393	1	10
121.81553	25.13355	1	10
121.81810	25.13333	1	10
121.81912	25.13344	1	10
121.81995	25.13409	1	10
121.82103	25.13453	1	10
121.82133	25.13524	1	10
121.82181	25.13567	1	10
121.82229	25.13578	1	10
121.82151	25.13507	1	10
121.82151	25.13475	1	10
121.82324	25.13556	1	10
121.82366	25.13545	1	10
121.82564	25.13567	1	10
121.82606	25.13545	1	10
121.82618	25.13524	1	10
121.82534	25.13502	1	10
121.82498	25.13480	1	10
121.82480	25.13453	1	10
121.82396	25.13409	1	10
121.82372	25.13387	1	10
121.82247	25.13344	1	10
121.82205	25.13251	1	10
121.82181	25.13240	1	10
121.82175	25.13257	1	10
121.82205	25.13360	1	10
121.82157	25.13404	1	10
121.82067	25.13415	1	10
121.82037	25.13300	1	10
121.82067	25.13262	1	10
121.82049	25.13251	1	10
121.82049	25.13229	1	10
121.81971	25.13175	1	10
121.81953	25.13104	1	10
121.81930	25.13082	1	10
121.81924	25.13044	1	10
121.81858	25.13012	1	10
121.81840	25.12952	1	10
121.81756	25.12897	1	10
121.81786	25.12886	1	10
121.81870	25.12908	1	10
121.81989	25.12973	1	10
121.82001	25.12952	1	10
121.81762	25.12843	1	10
121.81798	25.12756	1	10
121.81822	25.12734	1	10
121.81888	25.12745	1	10
121.81959	25.12674	1	10
121.81888	25.12707	1	10
121.81870	25.12696	1	10
121.81864	25.12663	1	10
121.81941	25.12647	1	10
121.81935	25.12608	1	10
121.81918	25.12581	1	10
121.81924	25.12500	1	10
121.82031	25.12478	1	10
121.81941	25.12445	1	10
121.82001	25.12423	1	10
121.82001	25.12391	1	10
121.81953	25.12401	1	10
121.81941	25.12391	1	10
121.81965	25.12374	1	10
121.81989	25.12233	1	10
121.82025	25.12178	1	10
121.82091	25.12156	1	10
121.82103	25.12102	1	10
121.82157	25.12086	1	10
121.82247	25.12129	1	10
121.82259	25.12096	1	10
121.82324	25.12107	1	10
121.82336	25.12118	1	10
121.82420	25.12096	1	10
121.82450	25.12075	1	10
121.82546	25.12086	1	10
121.82546	25.12162	1	10
121.82534	25.12227	1	10
121.82749	25.12238	1	10
121.82773	25.12194	1	10
121.82791	25.12184	1	10
121.82809	25.12194	1	10
121.82773	25.12249	1	10
121.82785	25.12282	1	10
121.82833	25.12282	1	10
121.82995	25.12483	1	10
121.82923	25.12570	1	10
121.82905	25.12641	1	10
121.82869	25.12679	1	10
121.82857	25.12745	1	10
121.82929	25.12766	1	10
121.83138	25.12679	1	10
121.83186	25.12630	1	10
121.83360	25.12641	1	10
121.83509	25.12717	1	10
121.84012	25.12794	1	10
121.84120	25.12783	1	10
121.84383	25.12717	1	10
121.84467	25.12685	1	10
121.84694	25.12707	1	10
121.84814	25.12696	1	10
121.84981	25.12641	1	10
121.85137	25.12554	1	10
121.85843	25.12467	1	10
121.86058	25.12423	1	10
121.86094	25.12543	1	10
121.86118	25.12532	1	10
121.86136	25.12505	1	10
121.86166	25.12494	1	10
121.86178	25.12559	1	10
121.86220	25.12570	1	10
121.86238	25.12619	1	10
121.86250	25.12554	1	10
121.86286	25.12500	1	10
121.86274	25.12467	1	10
121.86298	25.12451	1	10
121.86298	25.12418	1	10
121.86280	25.12407	1	10
121.86304	25.12342	1	10
121.86483	25.12254	1	10
121.86693	25.12211	1	10
121.86734	25.12222	1	10
121.86794	25.12265	1	10
121.86848	25.12254	1	10
121.86854	25.12282	1	10
121.86830	25.12271	1	10
121.86830	25.12303	1	10
121.86860	25.12309	1	10
121.86890	25.12369	1	10
121.86908	25.12374	1	10
121.86926	25.12440	1	10
121.86956	25.12500	1	10
121.87022	25.12510	1	10
121.87058	25.12391	1	10
121.87165	25.12358	1	10
121.87189	25.12412	1	10
121.87219	25.12418	1	10
121.87213	25.12467	1	10
121.87249	25.12478	1	10
121.87255	25.12494	1	10
121.87369	25.12461	1	10
121.87381	25.12516	1	10
121.87446	25.12538	1	10
121.87482	25.12516	1	10
121.87482	25.12472	1	10
121.87506	25.12467	1	10
121.87518	25.12434	1	10
121.87620	25.12401	1	10
121.87638	25.12320	1	10
121.87716	25.12298	1	10
121.87734	25.12325	1	10
121.87764	25.12331	1	10
121.87794	25.12369	1	10
121.87835	25.12369	1	10
121.87847	25.12336	1	10
121.87967	25.12314	1	10
121.87991	25.12325	1	10
121.88033	25.12374	1	10
121.88051	25.12385	1	10
121.88051	25.12331	1	10
121.88063	25.12325	1	10
121.88099	25.12363	1	10
121.88248	25.12352	1	10
121.88290	25.12401	1	10
121.88314	25.12396	1	10
121.88302	25.12342	1	10
121.88350	25.12358	1	10
121.88488	25.12434	1	10
121.88440	25.12347	1	10
121.88452	25.12342	1	10
121.88565	25.12363	1	10
121.88565	25.12309	1	10
121.88595	25.12298	1	10
121.88601	25.12282	1	10
121.88637	25.12293	1	10
121.88655	25.12265	1	10
121.88751	25.12254	1	10
121.88727	25.12167	1	10
121.88709	25.12145	1	10
121.88769	25.12102	1	10
121.88775	25.12129	1	10
121.88763	25.12162	1	10
121.88787	25.12205	1	10
121.88883	25.12216	1	10
121.88841	25.12124	1	10
121.88859	25.12113	1	10
121.88954	25.12194	1	10
121.88954	25.12151	1	10
121.88984	25.12140	1	10
121.88984	25.12096	1	10
121.89038	25.12053	1	10
121.89032	25.12015	1	10
121.89044	25.12009	1	10
121.89098	25.12020	1	10
121.89098	25.12053	1	10
121.89128	25.12047	1	10
121.89128	25.12036	1	10
121.89146	25.12031	1	10
121.89134	25.11987	1	10
121.89200	25.11987	1	10
121.89212	25.12020	1	10
121.89277	25.12036	1	10
121.89283	25.12064	1	10
121.89307	25.12053	1	10
121.89319	25.12020	1	10
121.89343	25.12053	1	10
121.89361	25.12064	1	10
121.89385	25.12053	1	10
121.89385	25.12009	1	10
121.89427	25.12042	1	10
121.89475	25.12031	1	10
121.89487	25.12064	1	10
121.89547	25.12075	1	10
121.89553	25.12091	1	10
121.89607	25.12075	1	10
121.89607	25.11998	1	10
121.89750	25.11966	1	10
121.89894	25.11977	1	10
121.89936	25.12009	1	10
121.89972	25.12064	1	10
121.90001	25.12075	1	10
121.90007	25.12036	1	10
121.90025	25.12036	1	10
121.90145	25.12091	1	10
121.90175	25.12113	1	10
121.90205	25.12173	1	10
121.90247	25.12222	1	10
121.90307	25.12265	1	10
121.90408	25.12309	1	10
121.90444	25.12363	1	10
121.90474	25.12374	1	10
121.90462	25.12265	1	10
121.90612	25.12216	1	10
121.90702	25.12249	1	10
121.90737	25.12238	1	10
121.90761	25.12216	1	10
121.90821	25.12205	1	10
121.90953	25.12260	1	10
121.91013	25.12303	1	10
121.91138	25.12347	1	10
121.91198	25.12423	1	10
121.91336	25.12440	1	10
121.91354	25.12412	1	10
121.91485	25.12434	1	10
121.91497	25.12467	1	10
121.91479	25.12494	1	10
121.91563	25.12679	1	10
121.91635	25.12712	1	10
121.92042	25.12777	1	10
121.92132	25.12810	1	10
121.92239	25.12897	1	10
121.92425	25.12963	1	10
121.92437	25.12908	1	10
121.92491	25.12810	1	10
121.92425	25.12777	1	10
121.92383	25.12641	1	10
121.92335	25.12619	1	10
121.92317	25.12527	1	10
121.92293	25.12505	1	10
121.92305	25.12472	1	10
121.92287	25.12412	1	10
121.92317	25.12407	1	10
121.92323	25.12391	1	10
121.92275	25.12325	1	10
121.92323	25.12336	1	10
121.92287	25.12282	1	10
121.92197	25.12189	1	10
121.92114	25.12200	1	10
121.92084	25.12096	1	10
121.91988	25.11966	1	10
121.91940	25.11922	1	10
121.91856	25.11878	1	10
121.91815	25.11829	1	10
121.91850	25.11819	1	10
121.91832	25.11791	1	10
121.91785	25.11748	1	10
121.91671	25.11704	1	10
121.91587	25.11595	1	10
121.91551	25.11584	1	10
121.91527	25.11563	1	10
121.91497	25.11573	1	10
121.91288	25.11405	1	10
121.91264	25.11339	1	10
121.91276	25.11306	1	10
121.91330	25.11263	1	10
121.91360	25.11274	1	10
121.91384	25.11296	1	10
121.91491	25.11263	1	10
121.91479	25.11252	1	10
121.91515	25.11230	1	10
121.91521	25.11247	1	10
121.91545	25.11257	1	10
121.91575	25.11247	1	10
121.91605	25.11203	1	10
121.91569	25.11192	1	10
121.91569	25.11170	1	10
121.91629	25.11181	1	10
121.91623	25.11241	1	10
121.91743	25.11192	1	10
121.91791	25.11203	1	10
121.91988	25.11312	1	10
121.92209	25.11464	1	10
121.92233	25.11454	1	10
121.92245	25.11421	1	10
121.92209	25.11366	1	10
121.92221	25.11334	1	10
121.92281	25.11323	1	10
121.92293	25.11290	1	10
121.92329	25.11290	1	10
121.92353	25.11301	1	10
121.92347	25.11252	1	10
121.92419	25.11230	1	10
121.92407	25.11187	1	10
121.92389	25.11176	1	10
121.92365	25.11187	1	10
121.92359	25.11154	1	10
121.92377	25.11138	1	10
121.92335	25.11127	1	10
121.92335	25.11116	1	10
121.91551	25.11110	1	10
121.91551	25.10925	1	10
121.91497	25.10843	1	10
121.91156	25.10625	1	10
121.90977	25.10309	1	10
121.90965	25.10146	1	10
121.90995	25.10081	1	10
121.91001	25.09966	1	10
121.90989	25.09890	1	10
121.90893	25.09781	1	10
121.90827	25.09737	1	10
121.90642	25.09334	1	10
121.90576	25.09029	1	10
121.90570	25.08860	1	10
121.90654	25.08631	1	10
121.90720	25.08517	1	10
121.90779	25.08468	1	10
121.90654	25.07983	1	10
121.90666	25.07906	1	10
121.90779	25.07841	1	10
121.91025	25.07819	1	10
121.91162	25.07776	1	10
121.91270	25.07650	1	10
121.91450	25.07465	1	10
121.91563	25.07378	1	10
121.91683	25.07334	1	10
121.91928	25.07291	1	10
121.91952	25.07269	1	10
121.91952	25.07225	1	10
121.91940	25.07193	1	10
121.91856	25.07094	1	10
121.91880	25.06898	1	10
121.91952	25.06833	1	10
121.92024	25.06724	1	10
121.92102	25.06669	1	10
121.92203	25.06648	1	10
121.92215	25.06615	1	10
121.92239	25.06604	1	10
121.92239	25.06533	1	10
121.92197	25.06484	1	10
121.92018	25.06353	1	10
121.91832	25.06266	1	10
121.91647	25.06081	1	10
121.91623	25.05950	1	10
121.91647	25.05885	1	10
121.91731	25.05852	1	10
121.92156	25.05830	1	10
121.92018	25.05514	1	10
121.91970	25.05236	1	10
121.91958	25.04783	1	10
121.92030	25.04500	1	10
121.57444    25.04500  1  10
121.57444       25.29766        1       10
